positive_label: ['14', '17'], model: head+eye, augmentation_time: 4
model:head+eye, size_list: [3]
studytype_users_dates_range: ['study2_2_0117_1-7', 'study2_3_0117_1-7', 'study2_4_0117_1-10', 'study2_5_0117_1-10', 'study2_6_0117_1-10', 'study2_7_0117_1-7', 'study2_8_0117_1-10', 'study2_9_0118_1-10', 'study2_10_0118_1-10', 'study2_11_0118_1-7', 'study2_12_0118_1-10', 'study2_14_0118_1-10', 'study2_15_0118_1-10', 'study2_16_0119_1-10', 'study2_17_0119_1-10', 'study2_18_0119_1-10', 'study2_19_0119_1-10', 'study2_20_0119_1-10', 'study2_21_0119_1-10', 'study2_22_0119_1-10', 'study2_23_0119_1-10']
----------------pin_list: [4]----------------
data_scaled:(792, 150)

data augment for multiclass
---------knn_binary_kfold------------
Average Accuracy: 0.986111111111111 
precision: 0.9206349206349206 
recalls: 0.9506172839506174 
f1s: 0.9338981356525217 
fars: 0.009833469252679973 
frrs: 0.04938271604938271
---------knn_multi_kfold------------
Average Accuracy: 0.8964646464646465 
precision: 0.9116461043501864 
recalls: 0.8964646464646465 
f1s: 0.8966981472284651
Average f1s 0.8966981472284651
----------svm_binary_kfold------------
Average Accuracy: 0.9873737373737375 
precision: 0.9377967711301044 
recalls: 0.9373219373219374 
f1s: 0.9373398555788492 
fars: 0.00701462019406919 
frrs: 0.06267806267806268
-----------svm_multi_kfold------------
Average Accuracy: 0.9848484848484849 
precision: 0.986950857784191 
recalls: 0.9848484848484849 
f1s: 0.9845857418027583
------------mlp_binary_kfold------------
平均准确性: 0.9949494949494949 
精确度: 0.9866666666666667 
召回率: 0.9620132953466287 
F1 值: 0.9741028486866444 
FAR: 0.0014005602240896359 
FRR: 0.03798670465337132
------------mlp_multi_kfold------------
Average Accuracy: 0.9823232323232323 
precision: 0.9842584393720756 
recalls: 0.9823232323232323 
f1s: 0.9823602107227837


latter_data_scaled: (49, 150)

--------knn_binary------------
准确度: 1.0
混淆矩阵:
[[147   0]
 [  0  12]]
精确度: 1.0
召回率: 1.0
F1分数: 1.0
FAR: 0.0000
FRR: 0.0000
[1 0 1 0 1 0 0 0 1 0 0 0 1 0 0 0 0 0 0 1 0 0 0 1 1 1 0 0 0 0 0 0 0 0 0 0 1
 0 0 0 1 0 0 0 0 0 0 0 0] [0 0 0 0 0 0 0 0 0 0 0 0 0 0 0 0 0 0 0 0 0 0 0 0 0 0 0 0 0 0 0 0 0 0 0 1 1
 1 1 1 1 1 1 1 1 1 1 1 1]
随时间推移的准确率 0.5714285714285714
---------knn_multi------------
准确度: 0.9245283018867925
混淆矩阵:
[[9 0 0 0 0 0 0 0 0 0 0 0 0 0 0 0 0 0 0 0 0]
 [0 4 0 0 0 0 1 0 0 0 0 0 0 0 0 0 0 0 0 0 0]
 [0 0 3 0 0 0 0 0 0 0 0 0 0 0 0 0 0 0 0 0 0]
 [1 0 2 8 0 0 0 0 0 0 0 0 0 0 0 0 0 0 0 0 0]
 [0 0 0 0 4 0 0 0 0 0 0 0 0 0 0 0 0 0 0 0 0]
 [0 0 0 0 0 8 0 0 0 0 0 0 0 0 0 0 0 0 0 0 0]
 [0 0 0 0 0 0 7 0 0 0 0 0 0 0 0 0 0 0 0 0 0]
 [0 0 0 0 0 0 0 7 0 0 0 0 0 0 0 0 0 0 0 0 0]
 [0 0 0 0 0 0 0 0 5 0 0 0 0 0 0 0 0 0 0 0 0]
 [0 0 0 0 0 0 0 0 0 9 0 0 0 0 0 0 0 0 0 0 0]
 [0 1 0 0 0 0 0 0 0 0 8 0 0 0 0 0 0 0 0 0 0]
 [0 0 0 0 1 0 1 0 0 0 0 8 0 0 1 0 0 0 0 0 0]
 [0 0 0 0 0 0 0 0 0 0 0 0 9 0 0 0 0 0 0 0 0]
 [0 0 0 0 0 0 0 0 0 0 0 0 0 7 0 0 0 0 0 0 0]
 [0 0 0 0 0 0 0 0 0 0 0 0 0 0 8 0 0 0 0 0 0]
 [0 0 0 0 0 0 0 0 0 0 0 0 0 0 0 8 0 0 0 0 0]
 [0 0 0 0 0 0 0 0 0 0 0 0 0 0 0 0 9 0 0 0 0]
 [1 0 0 0 0 0 0 0 0 1 0 0 0 0 0 0 0 5 0 2 0]
 [0 0 0 0 0 0 0 0 0 0 0 0 0 0 0 0 0 0 6 0 0]
 [0 0 0 0 0 0 0 0 0 0 0 0 0 0 0 0 0 0 0 7 0]
 [0 0 0 0 0 0 0 0 0 0 0 0 0 0 0 0 0 0 0 0 8]]
精确度: 0.9400228702115495
召回率: 0.9245283018867925
F1分数: 0.9222437645476375
['15' '15' '17' '15' '17' '15' '12' '15' '17' '12' '12' '12' '17' '19'
 '22' '23' '21' '6' '12' '14' '21' '15' '15' '17' '17' '15' '12' '15' '11'
 '16' '11' '20' '11' '11' '11' '12' '14' '19' '14' '19' '14' '12' '8' '15'
 '10' '15' '15' '15' '10'] ['4' '4' '4' '4' '4' '4' '4' '6' '6' '6' '6' '6' '6' '6' '8' '8' '8' '8'
 '8' '8' '8' '9' '9' '9' '9' '9' '9' '9' '11' '11' '11' '11' '11' '11'
 '11' '14' '14' '14' '14' '14' '14' '14' '17' '17' '17' '17' '17' '17'
 '17']
随时间推移的准确率 0.16326530612244897
---------svm_binary------------
准确度: 0.9874213836477987
混淆矩阵:
[[143   0]
 [  2  14]]
精确度: 1.0
召回率: 0.875
F1分数: 0.9333333333333333
FAR: 0.0000
FRR: 0.1250
[0 0 0 0 0 0 0 0 0 0 0 0 0 0 0 0 0 0 0 0 0 0 0 0 0 0 0 0 0 0 0 0 0 0 0 0 0
 0 0 0 0 0 0 0 0 0 0 0 0] [0 0 0 0 0 0 0 0 0 0 0 0 0 0 0 0 0 0 0 0 0 0 0 0 0 0 0 0 0 0 0 0 0 0 0 1 1
 1 1 1 1 1 1 1 1 1 1 1 1]
Confidence [-2.03058791 -0.87750706 -0.97962389 -0.22453677 -3.39066306 -0.46719745
 -2.70322333 -2.41269197 -0.84337133 -1.40837274 -1.13558301 -1.3510428
 -0.96116632 -1.18302948 -2.80904639 -4.71019137 -5.51349078 -4.69810729
 -4.51201945 -5.01397601 -3.92573594 -3.35357561 -3.04848457 -2.4817997
 -1.68352583 -0.94023541 -5.35003661 -0.87424854 -4.47260252 -6.99648402
 -7.77974687 -5.20637966 -5.57766039 -8.17559713 -7.1049133  -1.65717272
 -1.55138557 -0.56957498 -0.53171882 -2.12549358 -2.76615629 -2.78028256
 -2.62124235 -3.64679639 -0.59791889 -1.6552957  -1.15064746 -2.78043223
 -0.96996595]
随时间推移的准确率 0.7142857142857143
---------svm_multi------------
准确度: 1.0
混淆矩阵:
[[11  0  0  0  0  0  0  0  0  0  0  0  0  0  0  0  0  0  0  0  0]
 [ 0  3  0  0  0  0  0  0  0  0  0  0  0  0  0  0  0  0  0  0  0]
 [ 0  0  8  0  0  0  0  0  0  0  0  0  0  0  0  0  0  0  0  0  0]
 [ 0  0  0 11  0  0  0  0  0  0  0  0  0  0  0  0  0  0  0  0  0]
 [ 0  0  0  0 11  0  0  0  0  0  0  0  0  0  0  0  0  0  0  0  0]
 [ 0  0  0  0  0  4  0  0  0  0  0  0  0  0  0  0  0  0  0  0  0]
 [ 0  0  0  0  0  0  6  0  0  0  0  0  0  0  0  0  0  0  0  0  0]
 [ 0  0  0  0  0  0  0 11  0  0  0  0  0  0  0  0  0  0  0  0  0]
 [ 0  0  0  0  0  0  0  0 11  0  0  0  0  0  0  0  0  0  0  0  0]
 [ 0  0  0  0  0  0  0  0  0  8  0  0  0  0  0  0  0  0  0  0  0]
 [ 0  0  0  0  0  0  0  0  0  0 12  0  0  0  0  0  0  0  0  0  0]
 [ 0  0  0  0  0  0  0  0  0  0  0  5  0  0  0  0  0  0  0  0  0]
 [ 0  0  0  0  0  0  0  0  0  0  0  0  9  0  0  0  0  0  0  0  0]
 [ 0  0  0  0  0  0  0  0  0  0  0  0  0  6  0  0  0  0  0  0  0]
 [ 0  0  0  0  0  0  0  0  0  0  0  0  0  0 10  0  0  0  0  0  0]
 [ 0  0  0  0  0  0  0  0  0  0  0  0  0  0  0  5  0  0  0  0  0]
 [ 0  0  0  0  0  0  0  0  0  0  0  0  0  0  0  0  6  0  0  0  0]
 [ 0  0  0  0  0  0  0  0  0  0  0  0  0  0  0  0  0  3  0  0  0]
 [ 0  0  0  0  0  0  0  0  0  0  0  0  0  0  0  0  0  0  5  0  0]
 [ 0  0  0  0  0  0  0  0  0  0  0  0  0  0  0  0  0  0  0  7  0]
 [ 0  0  0  0  0  0  0  0  0  0  0  0  0  0  0  0  0  0  0  0  7]]
精确度: 1.0
召回率: 1.0
F1分数: 1.0
['17' '12' '17' '12' '17' '15' '12' '15' '15' '15' '12' '15' '15' '12' '6'
 '6' '8' '6' '8' '14' '21' '15' '8' '17' '17' '17' '12' '4' '11' '8' '11'
 '8' '8' '11' '11' '9' '14' '12' '14' '8' '14' '14' '10' '8' '15' '15'
 '15' '15' '15'] ['4' '4' '4' '4' '4' '4' '4' '6' '6' '6' '6' '6' '6' '6' '8' '8' '8' '8'
 '8' '8' '8' '9' '9' '9' '9' '9' '9' '9' '11' '11' '11' '11' '11' '11'
 '11' '14' '14' '14' '14' '14' '14' '14' '17' '17' '17' '17' '17' '17'
 '17']
Confidence [[ 3.69089519  8.76769429 18.31920599 ...  0.67964631 10.26578869
  17.31705954]
 [ 2.68255041  6.77272558 19.32242546 ...  0.68175947  7.73220524
  17.31497927]
 [ 2.6853171  10.1940789  18.31752747 ...  0.67864111  7.72842729
  15.30818911]
 ...
 [13.29579096 18.30674857  8.25987049 ...  0.67687992  5.74833625
  12.30205962]
 [13.27703506 19.30804012  6.92265866 ...  0.68137152 15.2976435
  14.29409372]
 [16.29768627 17.30646103  8.26804536 ...  0.67585485  5.71978822
  13.30403766]]
随时间推移的准确率 0.20408163265306123
---------mlp_binary------------
准确度: 0.9937106918238994
混淆矩阵:
[[146   0]
 [  1  12]]
精确度: 1.0
召回率: 0.9230769230769231
F1分数: 0.9600000000000001
FAR: 0.0000
FRR: 0.0769
[0 0 0 0 0 0 0 0 0 0 0 0 0 0 0 0 0 0 0 0 0 0 0 0 0 1 0 0 0 0 0 0 0 0 0 0 1
 0 1 0 0 0 0 0 0 0 0 0 0] [0 0 0 0 0 0 0 0 0 0 0 0 0 0 0 0 0 0 0 0 0 0 0 0 0 0 0 0 0 0 0 0 0 0 0 1 1
 1 1 1 1 1 1 1 1 1 1 1 1]
随时间推移的准确率 0.7346938775510204
-----------mlp_multi------------
准确度: 0.9937106918238994
混淆矩阵:
[[ 9  0  0  0  0  0  0  0  0  0  0  0  0  0  0  0  0  0  0  0  0]
 [ 0  7  0  0  0  0  0  0  0  0  0  0  0  0  0  0  0  0  0  0  0]
 [ 0  0  3  0  0  0  0  0  0  0  0  0  0  0  0  0  0  0  0  0  0]
 [ 0  0  0  6  0  0  0  0  0  0  0  0  0  0  0  0  0  0  0  0  0]
 [ 0  0  0  0  6  0  0  0  0  0  0  0  0  0  0  0  0  0  0  0  0]
 [ 0  0  0  0  0  7  0  0  0  0  0  0  0  0  0  0  0  0  0  0  0]
 [ 0  0  0  0  0  0  5  0  0  0  0  0  0  0  0  0  0  0  0  0  0]
 [ 0  0  0  0  0  0  0  7  0  0  0  0  0  0  0  0  0  0  0  0  0]
 [ 0  0  0  0  0  0  0  0  9  0  0  0  0  0  0  0  0  0  0  0  0]
 [ 0  0  0  0  0  0  0  0  0  4  0  0  0  0  0  0  0  0  0  0  0]
 [ 0  0  0  0  0  0  0  0  0  0 12  0  0  0  0  0  0  0  0  0  0]
 [ 0  0  0  0  0  0  0  0  0  0  0  8  0  0  0  0  0  0  0  0  0]
 [ 0  0  0  0  0  0  0  0  0  0  0  0 11  0  0  0  0  0  0  0  0]
 [ 0  0  0  0  0  0  0  0  0  0  0  0  0  5  0  0  0  0  0  0  0]
 [ 0  0  0  0  0  0  0  0  0  0  0  0  0  0  6  0  0  0  0  0  0]
 [ 0  0  0  0  0  0  0  0  0  0  0  0  0  0  0  9  0  0  0  0  0]
 [ 0  0  0  0  0  0  0  0  0  0  0  0  0  0  0  0  6  0  0  0  0]
 [ 0  0  0  0  0  0  0  0  0  0  0  0  0  0  1  0  0 13  0  0  0]
 [ 0  0  0  0  0  0  0  0  0  0  0  0  0  0  0  0  0  0  5  0  0]
 [ 0  0  0  0  0  0  0  0  0  0  0  0  0  0  0  0  0  0  0 10  0]
 [ 0  0  0  0  0  0  0  0  0  0  0  0  0  0  0  0  0  0  0  0 10]]
精确度: 0.9946091644204852
召回率: 0.9937106918238994
F1分数: 0.9938361196222832
['9' '12' '17' '12' '17' '15' '12' '15' '15' '15' '12' '15' '15' '9' '6'
 '6' '8' '6' '8' '14' '21' '8' '8' '17' '17' '17' '9' '9' '11' '8' '11'
 '20' '11' '11' '11' '14' '14' '12' '14' '8' '14' '14' '8' '8' '15' '15'
 '15' '15' '15'] ['4' '4' '4' '4' '4' '4' '4' '6' '6' '6' '6' '6' '6' '6' '8' '8' '8' '8'
 '8' '8' '8' '9' '9' '9' '9' '9' '9' '9' '11' '11' '11' '11' '11' '11'
 '11' '14' '14' '14' '14' '14' '14' '14' '17' '17' '17' '17' '17' '17'
 '17']
随时间推移的准确率 0.2857142857142857
----------------pin_list: [5]----------------
data_scaled:(792, 150)

data augment for multiclass
---------knn_binary_kfold------------
Average Accuracy: 0.9911616161616162 
precision: 0.9866666666666667 
recalls: 0.9245014245014245 
f1s: 0.9539508110936682 
fars: 0.0014064697609001405 
frrs: 0.0754985754985755
---------knn_multi_kfold------------
Average Accuracy: 0.922979797979798 
precision: 0.9357723437978388 
recalls: 0.922979797979798 
f1s: 0.9238190170057953
Average f1s 0.9238190170057953
----------svm_binary_kfold------------
Average Accuracy: 0.9810606060606061 
precision: 0.8912682379349045 
recalls: 0.9377967711301044 
f1s: 0.9110466053862281 
fars: 0.014052878535380398 
frrs: 0.06220322886989554
-----------svm_multi_kfold------------
Average Accuracy: 0.9797979797979798 
precision: 0.9837024695577328 
recalls: 0.9797979797979798 
f1s: 0.979523526878067
------------mlp_binary_kfold------------
平均准确性: 0.9911616161616162 
精确度: 0.9510242843576178 
召回率: 0.9629629629629629 
F1 值: 0.9564407174470068 
FAR: 0.005614059969979553 
FRR: 0.037037037037037035
------------mlp_multi_kfold------------
Average Accuracy: 0.9886363636363636 
precision: 0.9901124338624339 
recalls: 0.9886363636363636 
f1s: 0.9886004784475034


latter_data_scaled: (49, 150)

--------knn_binary------------
准确度: 0.9874213836477987
混淆矩阵:
[[141   2]
 [  0  16]]
精确度: 0.8888888888888888
召回率: 1.0
F1分数: 0.9411764705882353
FAR: 0.0140
FRR: 0.0000
[0 0 0 0 0 0 0 1 0 0 0 1 0 0 1 1 0 0 0 0 0 0 0 0 0 0 0 0 0 0 0 0 0 0 0 1 0
 1 1 0 1 1 1 1 1 1 0 0 1] [0 0 0 0 0 0 0 0 0 0 0 0 0 0 0 0 0 0 0 0 0 0 0 0 0 0 0 0 0 0 0 0 0 0 0 1 1
 1 1 1 1 1 1 1 1 1 1 1 1]
随时间推移的准确率 0.8367346938775511
---------knn_multi------------
准确度: 0.9182389937106918
混淆矩阵:
[[ 9  0  0  0  1  0  0  0  0  0  0  0  0  0  0  0  0  0  0  0  0]
 [ 0  3  0  0  0  0  0  0  0  0  0  0  0  0  0  0  0  0  0  0  0]
 [ 0  0 10  0  0  0  0  0  0  0  0  0  0  0  0  0  0  0  0  0  0]
 [ 0  0  0  6  0  0  0  0  0  0  0  0  0  0  0  0  0  0  0  0  0]
 [ 0  0  0  0  7  0  0  0  0  0  0  0  0  0  0  0  0  0  0  0  0]
 [ 0  0  0  0  0  7  0  0  0  0  0  0  0  0  0  0  0  0  0  0  0]
 [ 0  0  0  0  0  0  9  0  0  0  0  0  0  0  0  0  0  0  0  0  0]
 [ 0  0  0  0  0  0  0  5  0  0  0  0  0  0  0  0  0  0  0  0  0]
 [ 0  0  0  0  0  0  0  0  6  0  0  0  0  0  0  0  0  0  0  0  0]
 [ 0  0  0  0  0  0  0  0  0  6  0  0  0  0  0  0  0  0  0  0  0]
 [ 0  0  0  0  0  0  0  0  0  0  3  0  0  0  0  0  0  0  0  0  0]
 [ 0  0  0  0  0  0  0  0  0  0  0 10  0  0  0  0  0  0  0  0  0]
 [ 0  0  0  0  0  0  0  0  1  0  0  0 11  0  0  0  0  0  0  0  0]
 [ 0  0  0  1  0  0  0  0  1  0  0  0  0  4  0  0  0  0  0  0  0]
 [ 0  0  0  0  3  0  0  0  0  0  0  0  0  0  9  0  0  0  0  0  0]
 [ 0  0  0  0  0  0  0  0  2  0  0  0  0  1  0  8  0  0  0  0  0]
 [ 0  0  0  0  0  0  0  0  0  0  0  0  0  0  0  0  2  0  0  0  0]
 [ 0  0  0  0  0  0  0  3  0  0  0  0  0  0  0  0  0  8  0  0  0]
 [ 0  0  0  0  0  0  0  0  0  0  0  0  0  0  0  0  0  0  8  0  0]
 [ 0  0  0  0  0  0  0  0  0  0  0  0  0  0  0  0  0  0  0  5  0]
 [ 0  0  0  0  0  0  0  0  0  0  0  0  0  0  0  0  0  0  0  0 10]]
精确度: 0.9441660540717144
召回率: 0.9182389937106918
F1分数: 0.9211111405533063
['15' '12' '19' '15' '12' '15' '12' '17' '15' '15' '15' '17' '15' '15'
 '14' '14' '8' '8' '20' '18' '8' '15' '15' '15' '15' '15' '15' '15' '16'
 '20' '20' '11' '20' '11' '11' '14' '19' '14' '14' '2' '14' '14' '17' '17'
 '17' '17' '11' '11' '11'] ['4' '4' '4' '4' '4' '4' '4' '6' '6' '6' '6' '6' '6' '6' '8' '8' '8' '8'
 '8' '8' '8' '9' '9' '9' '9' '9' '9' '9' '11' '11' '11' '11' '11' '11'
 '11' '14' '14' '14' '14' '14' '14' '14' '17' '17' '17' '17' '17' '17'
 '17']
随时间推移的准确率 0.30612244897959184
---------svm_binary------------
准确度: 0.9874213836477987
混淆矩阵:
[[141   1]
 [  1  16]]
精确度: 0.9411764705882353
召回率: 0.9411764705882353
F1分数: 0.9411764705882353
FAR: 0.0070
FRR: 0.0588
[0 0 0 0 0 0 0 1 1 0 0 1 0 1 0 0 0 0 0 0 0 0 0 0 0 0 0 0 0 0 0 0 0 0 0 0 0
 0 0 0 0 0 0 1 0 0 0 0 0] [0 0 0 0 0 0 0 0 0 0 0 0 0 0 0 0 0 0 0 0 0 0 0 0 0 0 0 0 0 0 0 0 0 0 0 1 1
 1 1 1 1 1 1 1 1 1 1 1 1]
Confidence [-1.95763535 -1.40553629 -1.21530507 -2.18768719 -3.81144004 -2.33965782
 -1.12234511  1.8632185   0.73235164 -1.66323117 -0.32321191  3.78556997
 -0.31129659  0.06176843 -1.50881895 -2.5419202  -3.37709637 -2.04539602
 -2.93722168 -5.58567394 -4.52484556 -4.09019656 -4.94324897 -4.14574045
 -3.41126813 -2.42584455 -3.16345256 -3.24277591 -6.49544452 -5.7266616
 -6.63109763 -6.12261445 -7.63810036 -7.72226708 -7.04728969 -3.14405255
 -2.55364132 -2.94617918 -2.95345725 -2.09679469 -2.89395682 -1.85978647
 -0.59703838  0.90938376 -1.99970227 -0.78470164 -1.93801984 -1.33352457
 -0.28320113]
随时间推移的准确率 0.6530612244897959
---------svm_multi------------
准确度: 0.9685534591194969
混淆矩阵:
[[ 7  0  0  0  0  0  0  0  0  0  0  0  0  0  0  0  0  0  0  0]
 [ 0  5  0  0  0  0  0  0  0  0  0  0  0  0  0  0  0  0  0  0]
 [ 0  0  8  0  0  0  0  0  0  0  0  0  0  0  0  0  0  0  0  0]
 [ 0  0  0 10  0  0  0  0  0  0  0  0  0  0  0  0  0  0  0  0]
 [ 0  0  0  0 10  0  0  0  0  0  0  0  0  0  0  0  0  0  0  0]
 [ 0  0  0  0  0 12  0  0  0  0  0  0  0  0  0  0  0  0  0  0]
 [ 0  0  1  1  0  0  3  0  0  0  0  0  0  2  0  0  0  0  0  0]
 [ 0  0  0  0  0  0  0  6  0  0  0  0  0  0  0  0  0  0  0  0]
 [ 0  0  0  0  0  0  0  0 10  0  0  0  0  0  0  0  0  0  0  0]
 [ 0  0  0  0  0  0  0  0  0  6  0  0  0  0  0  0  0  0  0  0]
 [ 0  0  0  0  0  0  0  0  0  0  6  0  0  0  0  0  0  0  0  0]
 [ 0  0  0  0  0  0  0  0  0  0  0  8  0  0  0  0  0  0  0  0]
 [ 0  0  0  0  0  0  0  0  0  0  0  0  6  0  0  0  0  0  0  0]
 [ 0  0  0  0  0  0  0  0  0  0  0  0  0 11  0  0  0  0  0  0]
 [ 0  0  0  0  0  0  0  0  1  0  0  0  0  0  7  0  0  0  0  0]
 [ 0  0  0  0  0  0  0  0  0  0  0  0  0  0  0  5  0  0  0  0]
 [ 0  0  0  0  0  0  0  0  0  0  0  0  0  0  0  0  9  0  0  0]
 [ 0  0  0  0  0  0  0  0  0  0  0  0  0  0  0  0  0  5  0  0]
 [ 0  0  0  0  0  0  0  0  0  0  0  0  0  0  0  0  0  0  5  0]
 [ 0  0  0  0  0  0  0  0  0  0  0  0  0  0  0  0  0  0  0 15]]
精确度: 0.9723309534630289
召回率: 0.9685534591194969
F1分数: 0.9643209485051883
['19' '12' '12' '19' '12' '12' '12' '17' '15' '15' '15' '15' '15' '15' '8'
 '14' '8' '8' '20' '19' '21' '15' '15' '12' '19' '19' '19' '19' '11' '20'
 '20' '11' '20' '11' '11' '14' '14' '14' '14' '14' '14' '14' '17' '17'
 '10' '17' '11' '15' '11'] ['4' '4' '4' '4' '4' '4' '4' '6' '6' '6' '6' '6' '6' '6' '8' '8' '8' '8'
 '8' '8' '8' '9' '9' '9' '9' '9' '9' '9' '11' '11' '11' '11' '11' '11'
 '11' '14' '14' '14' '14' '14' '14' '14' '17' '17' '17' '17' '17' '17'
 '17']
Confidence [[ 2.6792711   8.71107253 19.31909933 ...  0.68726063 15.30447966
  12.24334924]
 [ 1.67711642  6.70015045 20.32146389 ...  3.70151305 14.3061169
  16.31439655]
 [ 3.67787116  7.71659451 20.32171713 ...  0.69358219 15.29482937
  12.27230068]
 ...
 [11.279232   20.31475666  8.10420712 ... -0.32029029 12.28347757
   6.70123956]
 [12.23665558 19.30909733 10.17987459 ... -0.31879528 15.28907631
   6.73157604]
 [13.2778427  20.30811082  9.15163635 ... -0.32008622 14.3006623
   6.75150399]]
随时间推移的准确率 0.3469387755102041
---------mlp_binary------------
准确度: 0.9937106918238994
混淆矩阵:
[[148   0]
 [  1  10]]
精确度: 1.0
召回率: 0.9090909090909091
F1分数: 0.9523809523809523
FAR: 0.0000
FRR: 0.0909
[0 0 0 0 0 0 0 1 1 0 0 1 0 0 1 1 0 0 0 0 0 0 0 0 0 1 1 0 0 0 0 0 0 0 0 0 0
 0 0 0 0 1 1 1 0 0 0 0 1] [0 0 0 0 0 0 0 0 0 0 0 0 0 0 0 0 0 0 0 0 0 0 0 0 0 0 0 0 0 0 0 0 0 0 0 1 1
 1 1 1 1 1 1 1 1 1 1 1 1]
随时间推移的准确率 0.6530612244897959
-----------mlp_multi------------
准确度: 0.9748427672955975
混淆矩阵:
[[11  0  0  0  0  0  0  0  0  0  0  0  0  0  0  0  0  0  0  0  0]
 [ 0  8  0  0  0  0  0  0  0  0  0  0  0  0  0  0  0  0  0  0  0]
 [ 0  0  6  0  0  0  0  0  0  0  0  0  0  0  0  0  0  0  0  0  0]
 [ 0  0  0  6  0  0  0  0  0  0  0  0  0  0  0  0  0  0  0  0  0]
 [ 0  1  0  0  5  0  0  0  0  0  0  0  0  0  0  0  0  0  0  0  0]
 [ 0  0  0  0  0  8  0  0  0  0  0  0  0  0  0  0  0  0  0  0  0]
 [ 0  0  0  0  0  0 10  0  0  0  0  0  0  0  0  0  0  0  0  0  0]
 [ 0  0  0  0  0  0  0 11  0  0  0  0  0  0  0  0  0  0  0  0  0]
 [ 0  0  0  0  0  0  0  0  7  0  0  0  0  0  0  0  0  0  0  0  0]
 [ 0  0  0  0  0  0  0  0  0  7  0  0  0  0  0  0  0  0  0  0  0]
 [ 0  0  0  0  0  0  0  0  0  0  4  0  0  0  0  0  0  0  0  0  0]
 [ 0  0  0  0  0  0  0  0  0  0  0  8  0  0  0  0  0  0  0  0  0]
 [ 0  0  0  0  0  0  0  0  0  0  0  0 12  0  0  0  0  0  0  0  0]
 [ 0  0  0  0  0  0  0  0  0  0  0  0  0  8  0  0  0  0  0  0  0]
 [ 0  0  0  0  0  0  0  0  0  0  0  0  0  0  5  0  1  0  0  0  0]
 [ 0  0  0  0  0  0  0  0  0  0  0  0  1  0  0  6  0  0  0  0  0]
 [ 0  0  0  0  0  0  1  0  0  0  0  0  0  0  0  0  7  0  0  0  0]
 [ 0  0  0  0  0  0  0  0  0  0  0  0  0  0  0  0  0  8  0  0  0]
 [ 0  0  0  0  0  0  0  0  0  0  0  0  0  0  0  0  0  0  5  0  0]
 [ 0  0  0  0  0  0  0  0  0  0  0  0  0  0  0  0  0  0  0  7  0]
 [ 0  0  0  0  0  0  0  0  0  0  0  0  0  0  0  0  0  0  0  0  6]]
精确度: 0.976597127540524
召回率: 0.9748427672955975
F1分数: 0.9744896267870741
['19' '12' '12' '19' '12' '12' '12' '17' '15' '15' '15' '15' '15' '15'
 '14' '14' '8' '22' '6' '14' '6' '15' '15' '19' '19' '19' '19' '19' '11'
 '11' '20' '11' '20' '11' '11' '14' '14' '14' '14' '14' '14' '14' '17'
 '17' '17' '17' '17' '17' '15'] ['4' '4' '4' '4' '4' '4' '4' '6' '6' '6' '6' '6' '6' '6' '8' '8' '8' '8'
 '8' '8' '8' '9' '9' '9' '9' '9' '9' '9' '11' '11' '11' '11' '11' '11'
 '11' '14' '14' '14' '14' '14' '14' '14' '17' '17' '17' '17' '17' '17'
 '17']
随时间推移的准确率 0.3877551020408163
程序运行时间：514.9504020214081秒
