positive_label: ['14', '17'], model: head+eye, augmentation_time: 4
model:head+eye, size_list: [3]
studytype_users_dates_range: ['study2_2_0117_1-7', 'study2_3_0117_1-7', 'study2_4_0117_1-10', 'study2_5_0117_1-10', 'study2_6_0117_1-10', 'study2_7_0117_1-7', 'study2_8_0117_1-10', 'study2_9_0118_1-10', 'study2_10_0118_1-10', 'study2_11_0118_1-7', 'study2_12_0118_1-10', 'study2_14_0118_1-10', 'study2_15_0118_1-10', 'study2_16_0119_1-10', 'study2_17_0119_1-10', 'study2_18_0119_1-10', 'study2_19_0119_1-10', 'study2_20_0119_1-10', 'study2_21_0119_1-10', 'study2_22_0119_1-10', 'study2_23_0119_1-10']
----------------pin_list: [4]----------------
data_scaled:(792, 10)

data augment for multiclass
---------knn_binary_kfold------------
Average Accuracy: 0.8712121212121212 
precision: 0.19583333333333333 
recalls: 0.08736942070275404 
f1s: 0.11958470098004981 
fars: 0.040740346771620035 
frrs: 0.9126305792972459
---------knn_multi_kfold------------
Average Accuracy: 0.07196969696969696 
precision: 0.07403880657569299 
recalls: 0.07196969696969696 
f1s: 0.577626288980999
Average f1s 0.577626288980999
----------svm_binary_kfold------------
Average Accuracy: 0.8989898989898991 
precision: 1.0 
recalls: 0.0 
f1s: 0.0 
fars: 0.0 
frrs: 1.0
-----------svm_multi_kfold------------
Average Accuracy: 0.09343434343434343 
precision: 0.1849708490612174 
recalls: 0.09343434343434343 
f1s: 0.3785819374361173
------------mlp_binary_kfold------------
平均准确性: 0.8926767676767677 
精确度: 0.0 
召回率: 0.0 
F1 值: 1.0 
FAR: 0.00701462019406919 
FRR: 1.0
------------mlp_multi_kfold------------
Average Accuracy: 0.10101010101010101 
precision: 0.10644730916828832 
recalls: 0.10101010101010101 
f1s: 0.4259221797811366


latter_data_scaled: (49, 10)

--------knn_binary------------
准确度: 0.8742138364779874
混淆矩阵:
[[137   4]
 [ 16   2]]
精确度: 0.3333333333333333
召回率: 0.1111111111111111
F1分数: 0.16666666666666666
FAR: 0.0284
FRR: 0.8889
[0 0 0 0 0 0 0 0 0 0 0 0 0 0 0 0 0 0 0 0 0 0 0 0 0 0 0 0 0 0 0 0 0 0 0 0 0
 0 0 0 0 0 0 0 0 0 0 0 0] [0 0 0 0 0 0 0 0 0 0 0 0 0 0 0 0 0 0 0 0 0 0 0 0 0 0 0 0 0 0 0 0 0 0 0 1 1
 1 1 1 1 1 1 1 1 1 1 1 1]
随时间推移的准确率 0.7142857142857143
---------knn_multi------------
准确度: 0.07547169811320754
混淆矩阵:
[[2 2 0 0 2 0 1 0 1 0 0 0 0 0 0 0 0 0 0 0 0]
 [1 1 2 0 2 0 0 0 0 0 0 1 0 1 0 0 0 0 0 0 0]
 [0 1 0 1 1 0 0 0 0 0 1 0 1 0 0 0 0 0 0 0 1]
 [0 1 2 3 0 0 0 0 0 0 0 0 1 0 0 0 0 0 0 0 0]
 [2 1 1 0 1 1 0 0 0 0 0 0 0 0 0 0 1 1 0 0 0]
 [0 0 0 0 1 2 0 1 1 0 0 0 0 0 1 0 0 0 0 0 0]
 [0 0 3 1 2 0 0 0 0 0 1 0 1 0 0 0 0 0 0 0 0]
 [2 1 1 0 0 1 0 2 0 0 1 0 0 0 1 0 0 0 0 1 0]
 [0 0 0 0 2 1 1 0 0 1 1 0 0 2 1 0 0 0 0 0 0]
 [3 2 0 1 1 0 0 0 0 0 0 0 0 0 0 0 0 0 0 0 0]
 [1 2 2 2 2 0 0 1 0 0 0 0 0 0 0 0 0 0 0 0 0]
 [1 0 1 1 1 1 1 0 1 1 2 0 1 0 0 0 0 0 0 0 1]
 [0 0 1 1 0 0 0 0 0 0 0 0 0 0 0 0 0 0 0 0 0]
 [1 0 3 2 1 0 2 0 0 0 0 0 1 1 0 0 0 0 0 0 0]
 [1 2 0 0 2 0 0 0 0 0 0 0 0 0 0 0 0 0 0 0 0]
 [0 0 1 1 0 0 0 0 0 0 0 0 0 0 0 0 0 0 0 0 0]
 [0 1 0 1 2 0 0 0 0 0 0 1 0 0 0 0 0 1 0 0 0]
 [2 0 0 2 1 0 2 0 1 0 0 0 0 0 0 0 0 0 0 0 0]
 [1 1 0 0 1 1 1 0 1 0 0 0 0 0 0 1 0 0 0 0 0]
 [2 0 0 1 0 0 1 1 0 0 1 1 0 0 1 0 0 0 0 0 0]
 [0 1 0 5 0 0 2 1 0 0 1 0 0 0 0 0 0 0 0 1 0]]
精确度: 0.06577299452175321
召回率: 0.07547169811320754
F1分数: 0.060668437484746304
['12' '20' '5' '18' '14' '12' '10' '12' '17' '10' '15' '17' '10' '12' '23'
 '12' '17' '12' '22' '16' '22' '18' '4' '12' '12' '18' '10' '12' '8' '20'
 '15' '19' '21' '11' '12' '12' '17' '18' '12' '11' '2' '15' '12' '11' '10'
 '10' '12' '12' '2'] ['4' '4' '4' '4' '4' '4' '4' '6' '6' '6' '6' '6' '6' '6' '8' '8' '8' '8'
 '8' '8' '8' '9' '9' '9' '9' '9' '9' '9' '11' '11' '11' '11' '11' '11'
 '11' '14' '14' '14' '14' '14' '14' '14' '17' '17' '17' '17' '17' '17'
 '17']
随时间推移的准确率 0.02040816326530612
---------svm_binary------------
准确度: 0.9245283018867925
混淆矩阵:
[[147   0]
 [ 12   0]]
精确度: 0.0
召回率: 0.0
F1分数: 0.0
FAR: 0.0000
FRR: 1.0000
[0 0 0 0 0 0 0 0 0 0 0 0 0 0 0 0 0 0 0 0 0 0 0 0 0 0 0 0 0 0 0 0 0 0 0 0 0
 0 0 0 0 0 0 0 0 0 0 0 0] [0 0 0 0 0 0 0 0 0 0 0 0 0 0 0 0 0 0 0 0 0 0 0 0 0 0 0 0 0 0 0 0 0 0 0 1 1
 1 1 1 1 1 1 1 1 1 1 1 1]
Confidence [-0.99997339 -0.99988994 -1.00000206 -0.99997779 -0.99998646 -0.99997426
 -0.99995116 -0.99998978 -1.00000987 -1.00000477 -1.00000326 -0.99998865
 -0.99999398 -1.00003432 -0.99997633 -0.99997825 -1.0000124  -0.99994353
 -0.99995546 -1.00000388 -0.99997936 -0.9999597  -1.00001158 -0.99997489
 -0.99994794 -0.99996483 -1.00000904 -0.99993043 -0.99991095 -0.99990299
 -0.99990389 -0.99997826 -0.99978662 -0.99988024 -0.99990691 -1.00002538
 -0.99994975 -1.00005965 -1.00001083 -0.99994591 -0.99993398 -0.9999864
 -0.99995505 -0.99994628 -0.9999267  -0.99995956 -0.99992495 -0.99991751
 -0.99992326]
随时间推移的准确率 0.7142857142857143
---------svm_multi------------
准确度: 0.09433962264150944
混淆矩阵:
[[0 0 0 0 2 2 0 1 0 0 0 0 0 0 0 3 1 0 0 0 0]
 [0 0 0 0 1 0 1 0 0 0 0 0 0 0 0 0 0 0 0 2 0]
 [0 0 2 0 2 0 0 1 0 0 0 0 0 0 0 1 1 0 0 0 0]
 [0 0 0 1 1 1 1 1 0 0 1 0 0 0 0 0 0 0 0 0 2]
 [0 0 0 0 0 0 1 0 0 0 0 0 0 0 0 2 0 0 0 0 1]
 [1 0 1 0 4 2 0 0 0 0 0 0 0 0 0 0 1 0 0 0 0]
 [0 0 2 0 0 0 0 0 0 0 1 0 0 0 0 1 0 0 2 0 0]
 [0 0 0 0 1 0 0 2 0 0 0 0 0 0 0 0 0 1 1 0 0]
 [0 0 0 1 4 2 0 0 0 0 0 0 0 0 0 2 1 1 1 0 0]
 [1 0 2 1 0 0 0 0 0 0 1 0 0 0 0 0 0 0 0 0 0]
 [0 0 1 0 1 0 0 2 0 0 2 0 0 0 0 1 0 0 0 2 0]
 [0 0 0 0 1 1 1 1 0 0 1 0 0 0 0 0 0 2 1 1 1]
 [0 0 2 0 2 1 1 1 0 0 1 0 0 0 0 1 2 0 1 0 1]
 [0 0 1 1 1 0 2 1 0 0 1 0 0 0 0 2 0 0 0 2 0]
 [0 0 0 1 1 0 0 1 0 0 0 0 0 0 0 0 2 1 0 0 0]
 [0 0 0 0 0 0 0 1 0 0 0 0 0 0 0 0 0 0 0 0 1]
 [0 0 0 0 4 1 0 0 0 0 0 0 0 0 0 2 1 0 0 0 0]
 [0 0 1 1 1 1 0 1 0 0 0 0 0 0 0 1 2 1 0 0 0]
 [0 0 1 0 2 0 0 0 0 0 0 0 0 0 0 0 0 0 0 0 1]
 [0 0 1 0 1 0 2 3 0 0 0 0 0 0 1 1 0 0 1 1 0]
 [0 0 0 0 0 0 2 0 0 0 0 0 0 0 0 1 0 0 0 1 3]]
精确度: 0.07795089257353408
召回率: 0.09433962264150944
F1分数: 0.08150259110595579
['4' '12' '16' '18' '12' '4' '15' '15' '4' '4' '4' '4' '15' '4' '17' '15'
 '15' '12' '20' '15' '12' '18' '4' '15' '15' '15' '15' '18' '8' '12' '12'
 '4' '8' '10' '15' '18' '14' '4' '4' '17' '12' '4' '11' '12' '12' '15'
 '12' '12' '12'] ['4' '4' '4' '4' '4' '4' '4' '6' '6' '6' '6' '6' '6' '6' '8' '8' '8' '8'
 '8' '8' '8' '9' '9' '9' '9' '9' '9' '9' '11' '11' '11' '11' '11' '11'
 '11' '14' '14' '14' '14' '14' '14' '14' '17' '17' '17' '17' '17' '17'
 '17']
Confidence [[14.26268505  4.73953975 12.20294206 ... -0.31474049 15.28139729
  11.1741243 ]
 [15.30754123  8.81417867 20.31777913 ...  5.76350542 13.2958104
   9.79245793]
 [14.273079    2.68674702 12.30293289 ... 12.13278381  7.72002583
   6.71977403]
 ...
 [18.3141282   6.73489195 20.3200811  ...  8.91771297 11.21516309
   4.68924155]
 [16.29552911  5.71662028 20.31176906 ...  4.74570632 15.27710936
   6.98928464]
 [14.29869657  8.17459755 17.29699262 ...  0.68591609 16.29993997
   6.78779866]]
随时间推移的准确率 0.061224489795918366
---------mlp_binary------------
准确度: 0.9056603773584906
混淆矩阵:
[[144   0]
 [ 15   0]]
精确度: 1.0
召回率: 0.0
F1分数: 0.0
FAR: 0.0000
FRR: 1.0000
[0 0 0 0 0 0 0 0 0 0 0 0 0 0 0 0 0 0 0 0 0 0 0 0 0 0 0 0 0 0 0 0 0 0 0 0 0
 0 0 0 0 0 0 0 0 0 0 0 0] [0 0 0 0 0 0 0 0 0 0 0 0 0 0 0 0 0 0 0 0 0 0 0 0 0 0 0 0 0 0 0 0 0 0 0 1 1
 1 1 1 1 1 1 1 1 1 1 1 1]
随时间推移的准确率 0.7142857142857143
-----------mlp_multi------------
准确度: 0.11320754716981132
混淆矩阵:
[[0 0 2 0 1 2 0 0 0 0 0 0 0 0 0 0 0 0 0 0 1]
 [0 1 1 0 0 0 0 0 0 0 0 0 0 0 0 0 0 0 0 0 0]
 [0 0 1 0 0 0 0 0 0 0 0 1 0 0 0 1 0 1 0 0 2]
 [0 0 1 0 0 1 1 0 0 0 0 0 0 0 0 0 0 1 1 0 2]
 [0 0 1 1 2 0 0 1 0 0 0 0 0 1 1 0 0 2 1 0 2]
 [0 0 0 0 1 6 0 0 0 0 0 0 0 1 1 0 1 1 2 0 0]
 [0 0 0 0 0 0 1 0 0 0 1 1 0 0 0 0 0 0 1 1 1]
 [0 0 1 0 0 0 1 0 0 0 0 0 0 1 0 0 0 0 3 0 2]
 [0 0 1 1 0 1 0 0 0 0 0 0 0 0 0 3 1 1 0 1 1]
 [0 0 1 0 0 0 0 0 0 0 0 1 0 0 0 0 0 0 0 2 0]
 [0 0 1 0 0 0 0 1 0 0 1 0 0 3 0 0 0 0 2 1 1]
 [0 0 0 0 0 0 0 0 0 1 1 0 0 0 0 0 0 0 1 1 0]
 [0 0 4 0 2 0 0 0 0 0 0 0 0 0 0 0 0 0 1 0 1]
 [0 0 2 0 0 0 0 0 0 0 2 0 0 0 0 0 0 1 0 0 2]
 [1 0 0 0 1 1 0 0 0 0 0 0 0 0 0 0 1 1 0 1 1]
 [0 0 0 0 2 0 0 1 0 0 0 0 0 1 0 0 0 0 0 0 4]
 [0 0 0 0 3 0 1 0 0 0 0 0 0 0 0 0 2 3 1 0 2]
 [0 0 0 0 0 1 1 0 0 0 0 0 0 1 1 0 0 2 0 0 1]
 [0 0 0 0 0 0 0 2 0 0 0 0 0 0 0 0 0 0 0 1 1]
 [0 0 1 0 1 0 0 0 0 1 0 0 0 1 0 0 1 0 0 1 4]
 [0 0 1 1 1 0 0 1 0 0 0 0 1 1 0 0 0 0 0 1 1]]
精确度: 0.12641763643715495
召回率: 0.11320754716981132
F1分数: 0.1122190484454635
['23' '12' '16' '9' '12' '8' '12' '2' '8' '6' '23' '23' '6' '9' '9' '23'
 '17' '12' '12' '9' '12' '9' '9' '23' '23' '18' '10' '18' '8' '12' '12'
 '8' '20' '14' '14' '9' '23' '4' '9' '17' '12' '23' '11' '9' '2' '2' '12'
 '12' '23'] ['4' '4' '4' '4' '4' '4' '4' '6' '6' '6' '6' '6' '6' '6' '8' '8' '8' '8'
 '8' '8' '8' '9' '9' '9' '9' '9' '9' '9' '11' '11' '11' '11' '11' '11'
 '11' '14' '14' '14' '14' '14' '14' '14' '17' '17' '17' '17' '17' '17'
 '17']
随时间推移的准确率 0.08163265306122448
----------------pin_list: [5]----------------
data_scaled:(792, 10)

data augment for multiclass
---------knn_binary_kfold------------
Average Accuracy: 0.8762626262626263 
precision: 0.1272727272727273 
recalls: 0.03751187084520418 
f1s: 0.389926428975665 
fars: 0.029512226831660937 
frrs: 0.9624881291547958
---------knn_multi_kfold------------
Average Accuracy: 0.08964646464646464 
precision: 0.11715986183129869 
recalls: 0.08964646464646464 
f1s: 0.4794166562715043
Average f1s 0.4794166562715043
----------svm_binary_kfold------------
Average Accuracy: 0.8989898989898991 
precision: 1.0 
recalls: 0.0 
f1s: 0.0 
fars: 0.0 
frrs: 1.0
-----------svm_multi_kfold------------
Average Accuracy: 0.0909090909090909 
precision: 0.17586990708706263 
recalls: 0.0909090909090909 
f1s: 0.39331610196732725
------------mlp_binary_kfold------------
平均准确性: 0.8838383838383838 
精确度: 0.037037037037037035 
召回率: 0.012345679012345678 
F1 值: 0.6851851851851851 
FAR: 0.018266378281270312 
FRR: 0.9876543209876543
------------mlp_multi_kfold------------
Average Accuracy: 0.10732323232323232 
precision: 0.10465927450658685 
recalls: 0.10732323232323232 
f1s: 0.43888633215277667


latter_data_scaled: (49, 10)

--------knn_binary------------
准确度: 0.8301886792452831
混淆矩阵:
[[131   7]
 [ 20   1]]
精确度: 0.125
召回率: 0.047619047619047616
F1分数: 0.06896551724137931
FAR: 0.0507
FRR: 0.9524
[0 0 0 0 0 0 0 0 0 0 0 1 0 0 0 0 0 0 0 0 0 0 0 0 0 0 0 0 0 0 0 0 0 0 0 0 0
 0 0 0 0 0 0 0 0 0 0 0 0] [0 0 0 0 0 0 0 0 0 0 0 0 0 0 0 0 0 0 0 0 0 0 0 0 0 0 0 0 0 0 0 0 0 0 0 1 1
 1 1 1 1 1 1 1 1 1 1 1 1]
随时间推移的准确率 0.6938775510204082
---------knn_multi------------
准确度: 0.06918238993710692
混淆矩阵:
[[1 2 0 1 1 2 3 0 0 0 1 0 0 0 0 0 0 0 0 0 0]
 [1 0 2 1 0 0 0 0 1 0 2 0 0 1 0 0 0 0 0 1 0]
 [1 0 1 0 0 0 0 0 0 0 0 0 2 0 0 0 0 0 0 0 0]
 [2 0 1 1 0 0 0 0 0 0 0 0 1 1 0 1 0 0 0 0 0]
 [2 0 1 2 1 0 0 0 0 0 0 0 0 0 0 0 0 0 0 0 0]
 [2 1 0 1 0 1 2 0 0 0 1 0 0 0 0 0 0 0 0 0 0]
 [0 0 1 0 0 1 0 0 0 0 0 0 0 0 0 0 0 0 0 0 0]
 [1 1 2 1 0 0 0 1 0 0 1 1 0 1 0 0 1 0 0 0 0]
 [0 2 1 1 2 1 0 2 1 0 0 0 0 1 0 0 1 0 0 0 0]
 [0 0 1 2 0 0 0 0 0 1 0 0 0 0 0 0 0 0 0 0 0]
 [1 0 1 0 0 0 0 1 0 0 1 0 0 0 0 0 0 0 1 0 0]
 [0 0 1 0 0 2 0 1 0 0 0 0 0 1 0 0 1 0 0 0 0]
 [4 0 1 1 1 0 0 1 0 0 0 1 1 0 0 1 0 0 0 0 0]
 [0 1 1 1 0 1 1 1 0 1 0 0 0 1 0 0 0 0 0 0 0]
 [1 0 1 0 1 0 1 0 0 1 0 0 0 0 0 0 0 0 0 0 0]
 [0 2 0 2 1 0 0 1 0 0 0 1 0 0 0 0 0 0 0 1 0]
 [1 0 1 0 1 2 1 0 0 0 0 0 0 1 0 1 0 0 0 0 0]
 [0 1 2 0 1 0 0 0 0 0 1 0 0 0 0 0 1 0 0 0 0]
 [1 2 1 0 0 0 0 1 0 0 0 0 1 0 0 0 0 0 0 0 0]
 [1 0 1 2 1 1 0 1 1 0 1 0 0 0 0 0 0 2 0 0 0]
 [4 0 0 0 0 0 1 2 0 0 1 1 2 0 0 0 1 0 0 0 0]]
精确度: 0.07471409769399925
召回率: 0.06918238993710692
F1分数: 0.061863620926523324
['12' '2' '16' '12' '18' '12' '16' '20' '18' '10' '16' '14' '12' '4' '17'
 '16' '14' '16' '18' '6' '17' '19' '18' '17' '15' '18' '14' '23' '20' '18'
 '11' '12' '10' '12' '23' '11' '17' '14' '19' '12' '17' '22' '16' '15'
 '18' '20' '10' '23' '12'] ['4' '4' '4' '4' '4' '4' '4' '6' '6' '6' '6' '6' '6' '6' '8' '8' '8' '8'
 '8' '8' '8' '9' '9' '9' '9' '9' '9' '9' '11' '11' '11' '11' '11' '11'
 '11' '14' '14' '14' '14' '14' '14' '14' '17' '17' '17' '17' '17' '17'
 '17']
随时间推移的准确率 0.04081632653061224
---------svm_binary------------
准确度: 0.8742138364779874
混淆矩阵:
[[139   0]
 [ 20   0]]
精确度: 0.0
召回率: 0.0
F1分数: 0.0
FAR: 0.0000
FRR: 1.0000
[0 0 0 0 0 0 0 0 0 0 0 0 0 0 0 0 0 0 0 0 0 0 0 0 0 0 0 0 0 0 0 0 0 0 0 0 0
 0 0 0 0 0 0 0 0 0 0 0 0] [0 0 0 0 0 0 0 0 0 0 0 0 0 0 0 0 0 0 0 0 0 0 0 0 0 0 0 0 0 0 0 0 0 0 0 1 1
 1 1 1 1 1 1 1 1 1 1 1 1]
Confidence [-1.00009409 -1.00003036 -1.0000943  -1.00005768 -1.00002633 -0.9999911
 -1.00001884 -1.00003384 -1.00002207 -0.99997171 -1.00001397 -1.00006204
 -1.00000988 -1.00001359 -0.99995476 -0.99997557 -0.99996748 -0.99998171
 -1.00005357 -0.99997662 -0.99996401 -1.0000029  -0.99998834 -0.99997147
 -0.99995029 -0.99998311 -0.99991733 -0.99998334 -1.00008508 -1.00006447
 -1.00007694 -1.00004167 -1.00016182 -1.0000305  -1.00000772 -0.99994332
 -0.99994843 -0.99997024 -0.99993553 -0.99991417 -0.99996135 -0.99996409
 -1.00000593 -0.99996245 -1.00008307 -1.00004784 -0.99982761 -0.99997755
 -0.99996559]
随时间推移的准确率 0.7142857142857143
---------svm_multi------------
准确度: 0.1069182389937107
混淆矩阵:
[[0 0 1 2 0 0 0 2 0 0 1 1 0 2 0 0 0 0 0 0 0]
 [0 0 1 3 0 0 0 0 0 0 3 0 0 1 0 0 1 0 0 0 0]
 [0 0 2 0 0 0 1 0 0 0 0 0 0 0 0 1 0 1 0 1 0]
 [0 0 2 1 0 0 0 0 0 0 0 0 0 2 0 0 3 0 0 1 0]
 [0 0 3 0 0 0 0 1 0 0 0 0 0 0 0 0 0 0 0 0 0]
 [0 0 1 0 1 3 0 0 0 0 2 0 0 0 0 0 1 0 0 0 0]
 [0 0 0 1 0 0 0 2 1 0 4 0 0 0 0 0 1 1 0 1 0]
 [0 0 0 0 0 1 0 4 1 0 2 0 0 1 0 0 0 0 0 0 0]
 [0 0 1 0 0 0 1 2 1 0 2 0 0 3 0 0 0 0 0 1 0]
 [1 0 0 0 0 0 1 0 0 0 0 0 1 0 0 0 1 2 0 1 0]
 [0 0 0 1 0 0 0 0 1 0 1 1 0 1 0 0 0 0 0 0 0]
 [1 0 0 0 0 1 0 0 1 1 1 0 0 0 0 0 0 0 0 0 0]
 [0 0 3 1 0 0 0 1 0 1 0 0 0 1 0 1 0 0 0 0 0]
 [0 0 1 1 0 0 0 1 0 0 0 1 0 2 0 0 0 1 0 0 0]
 [0 0 1 0 1 0 0 0 0 0 0 0 0 0 0 0 1 1 0 2 0]
 [0 0 1 0 0 0 0 1 0 0 0 0 0 1 0 1 0 0 0 3 0]
 [0 0 0 1 0 0 0 0 0 0 3 0 0 1 0 0 2 0 0 1 1]
 [0 0 2 0 0 1 0 0 0 0 0 0 1 0 0 1 0 0 0 0 0]
 [0 0 1 1 0 1 0 0 0 0 1 2 0 1 0 1 0 0 0 1 0]
 [0 0 0 0 0 1 0 2 0 0 1 0 0 1 0 0 0 0 0 0 0]
 [0 0 0 2 0 1 0 3 1 0 2 0 1 0 0 0 0 0 0 0 0]]
精确度: 0.07470763962940212
召回率: 0.1069182389937107
F1分数: 0.08163505837460787
['15' '21' '15' '6' '21' '23' '21' '20' '18' '23' '18' '20' '9' '18' '23'
 '22' '8' '8' '20' '8' '23' '20' '18' '8' '18' '18' '14' '5' '20' '20'
 '20' '6' '20' '6' '22' '23' '8' '23' '23' '12' '23' '22' '6' '17' '20'
 '20' '12' '8' '23'] ['4' '4' '4' '4' '4' '4' '4' '6' '6' '6' '6' '6' '6' '6' '8' '8' '8' '8'
 '8' '8' '8' '9' '9' '9' '9' '9' '9' '9' '11' '11' '11' '11' '11' '11'
 '11' '14' '14' '14' '14' '14' '14' '14' '17' '17' '17' '17' '17' '17'
 '17']
Confidence [[12.30735856  1.68106618  8.93263823 ...  0.67570358  6.74145496
  17.3163042 ]
 [ 5.91709718  0.68810896  8.87845933 ...  1.68354608 13.27457044
  19.30200692]
 [10.25565697  1.69047669  6.18580045 ...  0.67842758 12.26671608
  15.29794748]
 ...
 [11.21346169 11.30443737 20.323315   ... 12.21591681 16.31673039
   7.25190687]
 [ 5.75485825  1.69895697  8.19472833 ...  2.69849926 19.30481478
  15.28873514]
 [ 6.78011613  4.7132944  14.27876146 ...  2.70462585 19.30605798
  13.26966825]]
随时间推移的准确率 0.08163265306122448
---------mlp_binary------------
准确度: 0.9056603773584906
混淆矩阵:
[[144   0]
 [ 15   0]]
精确度: 1.0
召回率: 0.0
F1分数: 0.0
FAR: 0.0000
FRR: 1.0000
[0 0 0 0 0 0 0 0 0 0 0 0 0 0 0 0 0 0 0 0 0 0 0 0 0 0 0 0 0 0 0 0 0 0 0 0 0
 0 0 0 0 0 0 0 0 0 0 0 0] [0 0 0 0 0 0 0 0 0 0 0 0 0 0 0 0 0 0 0 0 0 0 0 0 0 0 0 0 0 0 0 0 0 0 0 1 1
 1 1 1 1 1 1 1 1 1 1 1 1]
随时间推移的准确率 0.7142857142857143
-----------mlp_multi------------
准确度: 0.1509433962264151
混淆矩阵:
[[0 0 0 0 0 0 0 0 1 0 1 0 0 0 1 0 0 0 0 0 1]
 [0 0 1 0 0 0 0 0 0 0 0 0 0 0 1 0 1 0 0 1 0]
 [2 0 2 0 0 0 0 0 0 0 0 0 0 0 0 0 0 0 0 0 2]
 [3 0 1 0 0 0 0 1 0 0 0 0 1 1 0 1 0 0 0 1 1]
 [2 0 1 1 1 0 0 0 0 0 0 0 2 1 0 1 2 0 0 1 1]
 [1 1 1 0 0 3 0 0 1 0 0 0 0 0 0 0 1 0 1 0 0]
 [1 0 0 0 0 1 0 0 1 1 1 0 0 0 0 0 2 0 0 2 2]
 [0 0 0 0 0 1 0 4 1 0 0 0 0 0 0 1 0 0 0 2 1]
 [1 0 1 0 0 1 0 1 0 0 0 0 0 1 0 0 1 0 0 0 2]
 [0 0 1 0 0 0 0 0 0 0 0 0 1 0 0 0 0 0 0 1 0]
 [2 0 0 0 0 2 0 4 0 0 0 1 0 0 0 0 0 0 0 0 1]
 [1 0 0 0 0 0 0 2 2 0 0 2 0 0 0 0 0 0 0 0 0]
 [0 0 1 0 0 0 0 1 0 0 0 0 1 0 0 1 0 0 0 1 0]
 [1 1 1 0 0 0 0 3 0 0 0 0 0 0 0 0 3 0 0 0 0]
 [0 0 1 0 0 0 0 2 0 0 0 0 0 0 0 1 0 0 1 3 2]
 [0 0 1 0 0 0 0 1 1 0 0 2 0 2 0 5 1 0 0 0 0]
 [1 0 0 0 0 1 0 0 0 0 0 1 0 0 0 1 2 1 0 0 1]
 [0 0 2 0 0 1 0 0 0 0 0 0 0 0 0 1 1 0 1 2 0]
 [1 0 0 1 0 0 0 0 0 1 0 0 0 0 0 1 0 0 0 0 0]
 [0 0 0 0 0 0 0 1 0 0 0 0 0 0 0 0 0 0 0 2 0]
 [0 0 0 0 0 0 0 0 0 0 0 0 1 0 0 0 0 0 0 1 2]]
精确度: 0.1806264644222469
召回率: 0.1509433962264151
F1分数: 0.12253708996509395
['15' '8' '15' '8' '18' '19' '18' '18' '18' '9' '18' '16' '19' '18' '8'
 '12' '19' '18' '21' '12' '19' '19' '18' '19' '18' '18' '9' '9' '10' '18'
 '21' '8' '20' '22' '12' '12' '8' '18' '5' '12' '19' '18' '19' '12' '20'
 '21' '12' '12' '12'] ['4' '4' '4' '4' '4' '4' '4' '6' '6' '6' '6' '6' '6' '6' '8' '8' '8' '8'
 '8' '8' '8' '9' '9' '9' '9' '9' '9' '9' '11' '11' '11' '11' '11' '11'
 '11' '14' '14' '14' '14' '14' '14' '14' '17' '17' '17' '17' '17' '17'
 '17']
随时间推移的准确率 0.061224489795918366
程序运行时间：510.1687071323395秒
