positive_label: ['14', '17'], model: head+eye, augmentation_time: 4
model:head+eye, size_list: [3]
studytype_users_dates_range: ['study2_2_0117_1-7', 'study2_3_0117_1-7', 'study2_4_0117_1-10', 'study2_5_0117_1-10', 'study2_6_0117_1-10', 'study2_7_0117_1-7', 'study2_8_0117_1-10', 'study2_9_0118_1-10', 'study2_10_0118_1-10', 'study2_11_0118_1-7', 'study2_12_0118_1-10', 'study2_14_0118_1-10', 'study2_15_0118_1-10', 'study2_16_0119_1-10', 'study2_17_0119_1-10', 'study2_18_0119_1-10', 'study2_19_0119_1-10', 'study2_20_0119_1-10', 'study2_21_0119_1-10', 'study2_22_0119_1-10', 'study2_23_0119_1-10']
----------------pin_list: [4]----------------
data_scaled:(792, 10)

data augment for multiclass
---------knn_binary_kfold------------
Average Accuracy: 0.8699494949494949 
precision: 0.24523809523809526 
recalls: 0.150997150997151 
f1s: 0.18315792289072844 
fars: 0.04913779857934735 
frrs: 0.849002849002849
---------knn_multi_kfold------------
Average Accuracy: 0.1818181818181818 
precision: 0.20591140342622857 
recalls: 0.1818181818181818 
f1s: 0.43833183259684083
Average f1s 0.43833183259684083
----------svm_binary_kfold------------
Average Accuracy: 0.8989898989898991 
precision: 1.0 
recalls: 0.0 
f1s: 0.0 
fars: 0.0 
frrs: 1.0
-----------svm_multi_kfold------------
Average Accuracy: 0.23737373737373738 
precision: 0.2853080357383992 
recalls: 0.23737373737373738 
f1s: 0.41674237342822246
------------mlp_binary_kfold------------
平均准确性: 0.8989898989898991 
精确度: 1.0 
召回率: 0.0 
F1 值: 0.0 
FAR: 0.0 
FRR: 1.0
------------mlp_multi_kfold------------
Average Accuracy: 0.2626262626262626 
precision: 0.333259123522339 
recalls: 0.2626262626262626 
f1s: 0.32192905878601136


latter_data_scaled: (49, 10)

--------knn_binary------------
准确度: 0.8616352201257862
混淆矩阵:
[[134   6]
 [ 16   3]]
精确度: 0.3333333333333333
召回率: 0.15789473684210525
F1分数: 0.21428571428571427
FAR: 0.0429
FRR: 0.8421
[1 0 0 0 0 0 0 0 0 0 0 0 0 0 0 0 0 1 0 0 0 0 0 0 0 0 0 0 1 0 0 0 0 0 0 0 0
 0 1 0 1 0 0 0 1 0 0 0 0] [0 0 0 0 0 0 0 0 0 0 0 0 0 0 0 0 0 0 0 0 0 0 0 0 0 0 0 0 0 0 0 0 0 0 0 1 1
 1 1 1 1 1 1 1 1 1 1 1 1]
随时间推移的准确率 0.7142857142857143
---------knn_multi------------
准确度: 0.2138364779874214
混淆矩阵:
[[3 0 0 0 1 0 1 0 0 0 0 0 0 0 0 0 1 0 0 0 1]
 [0 2 0 0 0 0 1 0 0 0 0 0 0 0 0 0 0 0 0 0 0]
 [0 0 1 3 0 0 0 0 0 0 0 0 2 0 0 0 0 0 0 0 0]
 [0 1 0 2 0 1 2 0 1 0 0 0 0 0 0 0 0 0 0 0 0]
 [2 0 2 0 2 0 1 0 0 0 0 0 0 1 0 0 0 2 0 0 1]
 [0 0 1 0 1 0 0 0 1 1 0 0 1 1 0 0 0 0 0 0 0]
 [2 1 0 0 0 0 1 1 0 0 0 0 0 0 0 0 0 0 0 0 0]
 [0 0 2 0 0 0 0 3 0 0 3 0 0 0 0 0 0 0 1 0 0]
 [0 1 0 0 0 0 0 1 4 0 0 0 0 0 0 1 0 0 0 0 0]
 [1 1 0 0 0 2 1 0 1 1 0 0 0 0 0 0 0 0 0 0 1]
 [0 0 0 0 0 0 1 1 0 0 5 0 0 0 0 0 0 0 0 0 0]
 [0 2 4 0 1 2 0 1 0 0 1 0 0 1 0 1 1 0 0 1 0]
 [0 0 4 0 0 0 1 1 3 1 0 0 1 0 0 0 0 0 0 0 0]
 [0 1 3 2 0 0 1 0 1 0 0 0 0 0 0 0 0 0 0 0 1]
 [0 2 0 1 0 0 1 0 0 0 0 0 1 0 0 0 0 0 0 0 0]
 [1 0 1 0 0 0 0 3 0 0 0 0 1 0 0 1 0 0 0 0 1]
 [1 0 1 0 0 0 0 0 1 0 0 0 0 1 0 0 2 1 0 0 0]
 [1 1 0 0 0 1 1 0 0 0 0 0 0 0 0 1 0 0 0 0 0]
 [0 0 0 0 1 0 0 5 1 0 0 0 0 0 0 0 0 0 1 0 1]
 [0 1 0 0 1 0 0 0 1 0 0 1 0 0 0 0 1 0 0 5 0]
 [0 0 0 0 1 0 0 0 2 0 0 0 0 1 0 0 0 0 0 0 0]]
精确度: 0.2330994197056759
召回率: 0.2138364779874214
F1分数: 0.19877673447252886
['14' '20' '15' '2' '10' '17' '15' '11' '11' '10' '10' '6' '11' '15' '16'
 '2' '11' '17' '11' '9' '21' '8' '15' '11' '15' '10' '10' '2' '16' '10'
 '10' '8' '8' '10' '6' '23' '15' '14' '14' '6' '14' '15' '11' '15' '17'
 '17' '16' '10' '17'] ['4' '4' '4' '4' '4' '4' '4' '6' '6' '6' '6' '6' '6' '6' '8' '8' '8' '8'
 '8' '8' '8' '9' '9' '9' '9' '9' '9' '9' '11' '11' '11' '11' '11' '11'
 '11' '14' '14' '14' '14' '14' '14' '14' '17' '17' '17' '17' '17' '17'
 '17']
随时间推移的准确率 0.14285714285714285
---------svm_binary------------
准确度: 0.9245283018867925
混淆矩阵:
[[147   0]
 [ 12   0]]
精确度: 0.0
召回率: 0.0
F1分数: 0.0
FAR: 0.0000
FRR: 1.0000
[0 0 0 0 0 0 0 0 0 0 0 0 0 0 0 0 0 0 0 0 0 0 0 0 0 0 0 0 0 0 0 0 0 0 0 0 0
 0 0 0 0 0 0 0 0 0 0 0 0] [0 0 0 0 0 0 0 0 0 0 0 0 0 0 0 0 0 0 0 0 0 0 0 0 0 0 0 0 0 0 0 0 0 0 0 1 1
 1 1 1 1 1 1 1 1 1 1 1 1]
Confidence [-0.99985166 -0.99998944 -0.99987799 -0.99995478 -0.99991222 -0.9998516
 -0.99997552 -0.99988293 -0.99981484 -0.99976154 -0.99985161 -0.99969312
 -0.99985155 -0.99990286 -0.99985179 -0.99979655 -0.99994741 -0.99982509
 -1.00003063 -0.99991324 -0.99984447 -0.99987202 -0.99997864 -0.9998764
 -0.99984559 -0.99983051 -1.00004178 -0.99986931 -0.99984533 -1.00002698
 -0.99978797 -1.00026221 -1.00007915 -0.99985945 -0.99977272 -0.99982548
 -0.99996138 -0.99982041 -0.99984923 -0.99984444 -0.99987142 -0.99987019
 -0.99977162 -0.99989727 -0.99987497 -0.9998224  -0.99991334 -0.99992575
 -0.99985573]
随时间推移的准确率 0.7142857142857143
---------svm_multi------------
准确度: 0.2578616352201258
混淆矩阵:
[[3 1 0 1 3 0 0 0 0 0 0 0 0 0 0 0 1 1 0 0 1]
 [1 3 0 2 0 0 0 0 0 0 0 0 0 0 1 0 0 0 0 0 0]
 [0 0 2 0 0 0 0 0 0 0 0 0 1 0 0 1 0 0 0 0 1]
 [1 0 2 0 0 0 1 0 1 0 0 0 0 0 0 0 1 3 0 0 0]
 [0 0 0 0 8 0 0 0 0 0 0 0 0 0 0 0 0 0 0 0 0]
 [2 0 3 1 0 0 3 0 0 0 0 0 0 0 0 0 0 2 0 0 1]
 [1 0 0 4 0 0 0 0 0 0 0 0 0 0 1 0 1 0 0 0 0]
 [0 0 1 0 0 0 0 3 0 0 2 0 1 0 0 1 0 0 1 0 1]
 [0 0 0 0 0 0 1 0 1 0 0 0 2 0 0 0 0 0 0 0 1]
 [0 0 0 1 1 0 0 0 0 0 0 0 0 0 0 0 0 0 0 0 2]
 [0 1 2 0 1 0 0 0 0 0 7 0 1 0 0 0 0 0 0 0 0]
 [0 0 0 2 1 0 1 0 1 0 0 0 0 0 1 1 0 3 0 1 0]
 [0 0 0 0 0 0 0 0 2 0 0 0 1 0 0 1 0 0 0 0 1]
 [2 0 1 1 1 0 1 0 1 0 0 0 4 0 0 0 0 1 0 0 0]
 [0 0 0 0 1 0 0 0 0 0 0 0 0 0 3 0 0 0 0 0 1]
 [0 0 2 1 0 0 0 0 0 0 0 0 0 0 0 0 0 0 1 0 0]
 [1 0 0 0 0 0 0 1 0 0 0 0 1 0 0 0 1 0 0 0 0]
 [1 0 0 0 0 0 0 0 0 0 0 0 0 0 0 0 3 2 0 0 0]
 [0 0 0 0 0 0 0 1 0 0 1 0 0 0 0 1 0 0 2 0 0]
 [0 0 0 0 1 0 1 0 0 0 0 0 0 0 0 0 0 1 0 3 1]
 [1 2 0 0 2 0 0 0 0 0 0 0 1 0 0 1 1 0 0 0 2]]
精确度: 0.24318149025199667
召回率: 0.2578616352201258
F1分数: 0.2342844329477116
['6' '15' '10' '10' '15' '10' '15' '15' '6' '6' '10' '6' '10' '15' '10'
 '6' '10' '10' '2' '10' '6' '8' '15' '15' '15' '6' '15' '15' '10' '11' '6'
 '8' '6' '10' '10' '5' '15' '5' '10' '6' '17' '5' '11' '15' '10' '10' '10'
 '10' '10'] ['4' '4' '4' '4' '4' '4' '4' '6' '6' '6' '6' '6' '6' '6' '8' '8' '8' '8'
 '8' '8' '8' '9' '9' '9' '9' '9' '9' '9' '11' '11' '11' '11' '11' '11'
 '11' '14' '14' '14' '14' '14' '14' '14' '17' '17' '17' '17' '17' '17'
 '17']
Confidence [[19.3222415  18.31807335  3.68366795 ...  0.67174363  7.28029525
  13.31195438]
 [17.3110339   4.69587511 12.2897392  ...  0.67732195 15.30147113
  17.31887284]
 [20.32216614 16.30769062  3.688453   ...  0.67250274  9.30336114
  14.31697833]
 ...
 [20.32355062 19.32223044  3.68492162 ...  0.67229764 11.31022939
  14.31789475]
 [20.32344632 18.31520099  3.68752273 ...  0.67322418 14.31619718
  15.32077249]
 [20.32494223 19.32001936  3.68550231 ...  0.67161377 10.30904364
  14.31785508]]
随时间推移的准确率 0.08163265306122448
---------mlp_binary------------
准确度: 0.9056603773584906
混淆矩阵:
[[144   0]
 [ 15   0]]
精确度: 1.0
召回率: 0.0
F1分数: 0.0
FAR: 0.0000
FRR: 1.0000
[0 0 0 0 0 0 0 0 0 0 0 0 0 0 0 0 0 0 0 0 0 0 0 0 0 0 0 0 0 0 0 0 0 0 0 0 0
 0 0 0 0 0 0 0 0 0 0 0 0] [0 0 0 0 0 0 0 0 0 0 0 0 0 0 0 0 0 0 0 0 0 0 0 0 0 0 0 0 0 0 0 0 0 0 0 1 1
 1 1 1 1 1 1 1 1 1 1 1 1]
随时间推移的准确率 0.7142857142857143
-----------mlp_multi------------
准确度: 0.3018867924528302
混淆矩阵:
[[ 3  1  0  1  0  0  0  0  0  0  0  0  0  0  0  0  1  0  0  1  0]
 [ 0  4  0  0  0  0  0  0  0  0  0  0  0  0  0  0  0  0  0  0  0]
 [ 0  0  3  0  0  0  0  1  0  0  0  0  0  0  0  0  0  0  0  0  1]
 [ 0  0  1  3  0  0  1  0  0  0  0  0  0  0  1  0  1  0  0  0  0]
 [ 2  0  0  0  4  0  0  0  0  0  0  0  0  0  0  0  1  0  0  0  2]
 [ 2  0  3  2  1  0  0  0  2  0  0  0  1  0  0  0  0  0  0  0  0]
 [ 1  0  2  0  1  0  1  0  1  0  1  0  0  0  0  0  1  1  0  0  1]
 [ 0  0  1  0  0  0  0  4  0  0  1  0  0  0  0  0  0  0  1  0  1]
 [ 0  0  1  1  0  0  0  1  1  0  0  0  0  2  0  0  1  0  0  0  4]
 [ 2  0  2  1  0  0  0  0  0  0  0  0  0  0  0  0  0  0  0  1  0]
 [ 0  1  1  0  0  0  0  1  0  0 11  0  0  0  0  0  0  0  1  0  0]
 [ 0  1  1  0  1  0  1  0  0  0  0  0  0  0  0  0  0  1  0  0  0]
 [ 0  0  2  1  0  0  0  0  2  0  0  0  0  0  0  0  1  0  0  0  3]
 [ 0  0  2  1  1  0  0  0  0  1  1  0  1  0  0  0  1  0  0  0  0]
 [ 0  1  0  0  0  0  0  0  0  0  0  0  0  0  2  0  0  0  0  1  0]
 [ 0  0  0  0  0  0  1  1  0  0  0  0  0  0  0  1  0  0  0  0  1]
 [ 0  0  0  0  0  0  0  0  0  0  0  0  0  0  0  0  3  1  0  0  0]
 [ 2  0  0  3  0  0  0  0  0  0  0  0  0  0  1  0  2  3  0  0  0]
 [ 0  0  0  0  1  0  0  0  0  0  0  0  0  0  0  0  0  0  2  0  0]
 [ 0  0  2  0  0  0  0  0  0  1  0  0  0  0  0  0  0  1  0  2  1]
 [ 1  1  3  0  2  1  0  1  1  0  0  0  0  0  0  0  0  0  0  0  1]]
精确度: 0.283437683909382
召回率: 0.3018867924528302
F1分数: 0.2688759160916534
['10' '8' '10' '10' '10' '10' '15' '10' '10' '10' '10' '10' '10' '15' '10'
 '14' '11' '10' '12' '10' '6' '8' '15' '10' '15' '10' '15' '15' '10' '11'
 '10' '8' '8' '10' '10' '5' '15' '5' '10' '6' '5' '5' '11' '10' '11' '10'
 '10' '10' '10'] ['4' '4' '4' '4' '4' '4' '4' '6' '6' '6' '6' '6' '6' '6' '8' '8' '8' '8'
 '8' '8' '8' '9' '9' '9' '9' '9' '9' '9' '11' '11' '11' '11' '11' '11'
 '11' '14' '14' '14' '14' '14' '14' '14' '17' '17' '17' '17' '17' '17'
 '17']
随时间推移的准确率 0.02040816326530612
----------------pin_list: [5]----------------
data_scaled:(792, 10)

data augment for multiclass
---------knn_binary_kfold------------
Average Accuracy: 0.8699494949494949 
precision: 0.21388888888888888 
recalls: 0.09971509971509972 
f1s: 0.13333333333333333 
fars: 0.043517829072557294 
frrs: 0.9002849002849004
---------knn_multi_kfold------------
Average Accuracy: 0.22474747474747478 
precision: 0.24957743330624563 
recalls: 0.22474747474747478 
f1s: 0.3822379419667534
Average f1s 0.3822379419667534
----------svm_binary_kfold------------
Average Accuracy: 0.8989898989898991 
precision: 1.0 
recalls: 0.0 
f1s: 0.0 
fars: 0.0 
frrs: 1.0
-----------svm_multi_kfold------------
Average Accuracy: 0.27525252525252525 
precision: 0.3469959368238536 
recalls: 0.27525252525252525 
f1s: 0.3506482230797981
------------mlp_binary_kfold------------
平均准确性: 0.8964646464646465 
精确度: 0.5555555555555555 
召回率: 0.0251661918328585 
F1 值: 0.04521072796934866 
FAR: 0.005614059969979553 
FRR: 0.9748338081671415
------------mlp_multi_kfold------------
Average Accuracy: 0.32323232323232326 
precision: 0.3380357109250647 
recalls: 0.32323232323232326 
f1s: 0.35472630333597754


latter_data_scaled: (49, 10)

--------knn_binary------------
准确度: 0.8930817610062893
混淆矩阵:
[[138   4]
 [ 13   4]]
精确度: 0.5
召回率: 0.23529411764705882
F1分数: 0.31999999999999995
FAR: 0.0282
FRR: 0.7647
[0 0 0 0 0 0 0 1 0 0 0 1 0 0 0 0 0 0 1 0 0 0 0 1 0 0 0 0 0 0 1 0 1 0 0 0 0
 0 0 1 1 1 0 1 1 0 0 0 0] [0 0 0 0 0 0 0 0 0 0 0 0 0 0 0 0 0 0 0 0 0 0 0 0 0 0 0 0 0 0 0 0 0 0 0 1 1
 1 1 1 1 1 1 1 1 1 1 1 1]
随时间推移的准确率 0.6938775510204082
---------knn_multi------------
准确度: 0.20754716981132076
混淆矩阵:
[[1 0 0 0 1 0 0 0 0 0 0 0 0 0 0 0 0 0 0 0 1]
 [0 4 0 1 1 0 0 1 0 0 0 0 0 0 0 0 0 0 0 1 0]
 [0 0 3 1 0 0 0 1 0 0 0 0 0 1 0 0 0 0 0 0 0]
 [0 0 0 1 0 0 3 0 0 0 0 0 1 0 0 0 2 4 0 0 0]
 [3 0 1 0 4 1 0 0 0 0 0 0 0 0 0 0 0 0 0 1 0]
 [0 0 1 0 0 2 0 1 1 0 0 0 0 0 0 1 0 2 2 0 0]
 [1 1 1 0 0 1 0 0 0 0 1 0 0 0 0 0 0 1 0 0 0]
 [0 0 3 0 0 0 0 1 0 0 0 0 0 0 0 0 0 0 0 0 0]
 [0 1 2 1 0 1 1 2 0 0 0 0 0 1 0 0 0 0 0 0 1]
 [1 1 0 0 1 0 0 0 0 0 0 0 0 0 0 0 0 0 0 0 0]
 [0 0 1 0 0 0 0 0 0 0 4 0 0 0 0 0 0 0 0 0 0]
 [3 0 0 1 2 0 0 1 0 1 2 0 0 1 1 0 0 0 0 0 0]
 [0 0 1 0 2 2 0 0 0 0 0 0 1 0 0 0 0 0 0 0 0]
 [0 0 0 1 2 0 0 0 0 1 0 0 1 0 0 0 0 0 0 0 0]
 [3 0 0 0 0 0 1 0 0 0 0 0 0 0 2 0 0 0 0 0 0]
 [0 0 0 1 1 0 0 0 2 0 0 0 1 1 0 2 0 0 0 0 1]
 [1 0 0 3 0 4 0 0 0 2 0 0 0 0 0 0 1 0 0 0 0]
 [0 0 0 2 0 0 1 0 0 0 0 0 1 0 0 0 0 2 0 0 0]
 [0 0 2 0 0 0 0 0 0 0 0 0 0 0 0 1 0 0 5 0 0]
 [2 1 0 2 1 0 0 0 0 1 0 0 1 0 0 0 0 0 0 0 0]
 [0 3 0 1 0 1 1 2 1 1 0 1 0 1 0 0 0 0 0 0 0]]
精确度: 0.20686560120522388
召回率: 0.20754716981132076
F1分数: 0.18974687455323008
['15' '10' '15' '11' '18' '8' '10' '17' '14' '17' '11' '17' '10' '10' '15'
 '14' '15' '12' '17' '22' '10' '8' '11' '6' '23' '6' '11' '17' '10' '10'
 '17' '6' '17' '6' '11' '6' '10' '15' '11' '14' '11' '17' '11' '14' '17'
 '10' '11' '11' '11'] ['4' '4' '4' '4' '4' '4' '4' '6' '6' '6' '6' '6' '6' '6' '8' '8' '8' '8'
 '8' '8' '8' '9' '9' '9' '9' '9' '9' '9' '11' '11' '11' '11' '11' '11'
 '11' '14' '14' '14' '14' '14' '14' '14' '17' '17' '17' '17' '17' '17'
 '17']
随时间推移的准确率 0.061224489795918366
---------svm_binary------------
准确度: 0.8679245283018868
混淆矩阵:
[[138   0]
 [ 21   0]]
精确度: 0.0
召回率: 0.0
F1分数: 0.0
FAR: 0.0000
FRR: 1.0000
[0 0 0 0 0 0 0 0 0 0 0 0 0 0 0 0 0 0 0 0 0 0 0 0 0 0 0 0 0 0 0 0 0 0 0 0 0
 0 0 0 0 0 0 0 0 0 0 0 0] [0 0 0 0 0 0 0 0 0 0 0 0 0 0 0 0 0 0 0 0 0 0 0 0 0 0 0 0 0 0 0 0 0 0 0 1 1
 1 1 1 1 1 1 1 1 1 1 1 1]
Confidence [-1.00048509 -0.99988981 -1.00043114 -0.99992955 -0.99981207 -0.99982901
 -0.99987143 -1.00014269 -1.00006295 -0.99983751 -0.999901   -1.00031401
 -0.99984112 -0.9999625  -0.99985712 -0.99996726 -0.9999571  -1.00000606
 -1.00032995 -0.99985469 -0.99987861 -0.99987079 -0.99996436 -0.99993884
 -0.99994439 -1.00003509 -0.99993642 -0.99991972 -1.000246   -1.0001927
 -1.00028048 -0.99998003 -1.00023514 -0.99991441 -0.99990003 -0.99990986
 -0.99994596 -1.00031898 -0.99989793 -0.99995852 -0.9999771  -0.99998944
 -0.99997242 -0.99994099 -1.00022767 -1.00009372 -0.99987602 -0.99995516
 -0.99992313]
随时间推移的准确率 0.7142857142857143
---------svm_multi------------
准确度: 0.25157232704402516
混淆矩阵:
[[2 0 0 0 0 0 2 0 0 1 1 0 0 0 0 0 1 2 0 0 0]
 [0 0 0 0 1 0 0 0 0 0 0 0 0 0 0 0 0 1 0 1 0]
 [0 0 3 0 2 0 0 3 0 0 1 0 1 0 0 0 0 1 0 1 0]
 [0 0 0 3 0 0 0 0 0 0 0 0 3 0 0 0 0 2 0 1 0]
 [0 0 0 0 2 0 1 1 0 0 0 0 0 0 1 0 0 1 0 3 0]
 [0 0 0 0 0 2 0 0 0 0 0 0 1 0 0 0 1 2 1 0 0]
 [0 0 0 0 0 0 0 0 0 0 0 0 1 0 0 0 2 1 0 1 0]
 [0 0 1 0 0 0 0 2 1 0 3 0 0 0 0 0 0 0 0 0 0]
 [0 0 0 0 0 0 0 0 2 1 0 0 1 0 0 0 0 0 0 0 0]
 [0 0 0 0 0 0 0 0 0 2 0 0 0 1 0 0 1 2 0 0 1]
 [0 0 0 0 0 0 1 0 0 0 3 0 0 0 0 0 0 0 0 0 0]
 [1 0 0 1 0 0 1 0 1 0 3 2 0 1 0 0 0 2 0 0 2]
 [0 0 1 1 0 0 0 0 0 0 0 0 2 1 0 3 0 1 0 0 0]
 [0 0 0 2 0 0 0 0 1 0 0 0 2 1 0 0 0 1 0 2 1]
 [0 0 0 0 0 0 0 0 0 2 0 0 0 0 1 0 1 2 0 0 0]
 [0 0 0 0 0 0 1 0 3 0 0 0 1 2 0 4 0 0 0 0 0]
 [0 0 0 0 0 0 0 0 1 0 0 0 0 0 0 0 4 1 0 0 0]
 [0 0 0 3 1 0 0 1 1 0 0 0 0 0 0 0 0 1 0 0 0]
 [0 0 0 0 0 1 0 1 0 0 0 0 0 0 0 0 0 0 2 0 0]
 [0 0 0 1 2 0 0 0 0 0 1 0 1 0 0 0 0 2 0 1 1]
 [0 0 0 0 1 0 0 0 2 0 0 0 2 0 0 0 0 0 0 1 1]]
精确度: 0.3873791826622015
召回率: 0.25157232704402516
F1分数: 0.2618873698765773
['3' '2' '15' '6' '23' '15' '15' '17' '6' '8' '6' '17' '15' '6' '15' '6'
 '14' '6' '17' '23' '15' '15' '6' '6' '6' '6' '6' '6' '17' '17' '17' '6'
 '17' '6' '6' '6' '6' '3' '15' '6' '6' '6' '6' '6' '17' '17' '6' '6' '6'] ['4' '4' '4' '4' '4' '4' '4' '6' '6' '6' '6' '6' '6' '6' '8' '8' '8' '8'
 '8' '8' '8' '9' '9' '9' '9' '9' '9' '9' '11' '11' '11' '11' '11' '11'
 '11' '14' '14' '14' '14' '14' '14' '14' '17' '17' '17' '17' '17' '17'
 '17']
Confidence [[12.28625247  6.69088649  0.67432032 ...  1.67514856 14.30433441
  12.2821077 ]
 [ 5.74879033  4.70099277  1.68569117 ...  0.67496273 12.29607288
  18.31843725]
 [11.26552066  6.69339223  2.67639665 ...  2.6857315  14.26543042
  14.28931539]
 ...
 [15.31965442 15.310931    2.6815261  ...  0.6718126  18.32333735
  12.30582963]
 [15.32052036 16.31213071  2.67840858 ...  0.67118146 19.32320123
   9.28432827]
 [15.32013342 16.31026652  2.6789117  ...  0.67136773 19.32311209
  10.29610537]]
随时间推移的准确率 0.10204081632653061
---------mlp_binary------------
准确度: 0.8867924528301887
混淆矩阵:
[[141   0]
 [ 18   0]]
精确度: 1.0
召回率: 0.0
F1分数: 0.0
FAR: 0.0000
FRR: 1.0000
[0 0 0 0 0 0 0 0 0 0 0 0 0 0 0 0 0 0 0 0 0 0 0 0 0 0 0 0 0 0 0 0 0 0 0 0 0
 0 0 0 0 0 0 0 0 0 0 0 0] [0 0 0 0 0 0 0 0 0 0 0 0 0 0 0 0 0 0 0 0 0 0 0 0 0 0 0 0 0 0 0 0 0 0 0 1 1
 1 1 1 1 1 1 1 1 1 1 1 1]
随时间推移的准确率 0.7142857142857143
-----------mlp_multi------------
准确度: 0.22641509433962265
混淆矩阵:
[[0 0 1 0 0 0 0 0 1 0 1 1 0 0 0 0 1 0 0 1 1]
 [0 1 0 0 1 0 0 0 0 0 0 0 0 0 0 0 0 0 0 0 0]
 [0 1 3 0 0 0 0 0 0 0 0 0 1 0 0 1 0 0 0 1 0]
 [0 0 0 2 0 0 0 0 0 0 0 0 2 0 0 0 1 1 0 1 0]
 [0 0 2 0 2 0 0 0 1 0 0 0 0 0 0 0 0 0 0 1 0]
 [0 0 0 1 0 1 0 0 1 0 0 0 0 0 0 0 2 0 1 1 0]
 [4 0 0 0 1 0 0 0 1 0 2 1 1 0 0 0 2 1 0 0 0]
 [0 0 1 0 1 0 0 4 0 0 1 0 0 0 0 0 0 0 0 0 0]
 [1 0 0 2 0 0 0 1 0 1 0 0 0 0 0 0 0 0 0 0 1]
 [0 0 0 1 1 0 0 0 2 0 0 0 0 0 0 0 0 0 0 1 0]
 [1 0 1 0 0 0 0 0 0 0 6 1 0 0 0 0 0 0 0 0 0]
 [0 0 0 0 1 0 0 0 1 1 2 1 0 1 0 0 0 0 0 1 1]
 [0 0 1 1 0 0 0 0 0 0 0 0 2 2 0 1 0 0 0 0 0]
 [0 0 0 2 0 0 0 1 1 0 0 0 0 0 0 0 0 0 0 4 0]
 [0 0 0 2 0 2 1 0 0 1 0 0 0 0 0 0 1 2 0 0 0]
 [0 0 1 0 0 0 0 0 2 0 0 0 0 1 0 5 0 0 0 1 0]
 [0 1 0 0 0 1 0 0 0 0 0 0 0 0 0 0 5 1 0 0 0]
 [1 0 0 3 1 0 1 0 0 0 0 0 0 1 1 0 1 3 0 0 0]
 [0 1 0 0 0 1 0 1 0 0 0 1 0 0 0 0 0 0 1 0 0]
 [0 1 0 0 4 0 0 0 0 0 1 0 0 1 0 0 0 0 0 0 0]
 [0 0 0 0 2 0 0 2 0 0 0 0 2 1 0 0 0 0 0 1 0]]
精确度: 0.21252754932000217
召回率: 0.22641509433962265
F1分数: 0.20769771602180037
['15' '2' '15' '11' '8' '15' '8' '10' '14' '8' '15' '17' '15' '11' '15'
 '14' '14' '14' '17' '8' '15' '11' '11' '6' '11' '14' '11' '11' '10' '10'
 '10' '3' '10' '3' '15' '11' '11' '15' '11' '14' '6' '6' '11' '11' '10'
 '10' '15' '11' '11'] ['4' '4' '4' '4' '4' '4' '4' '6' '6' '6' '6' '6' '6' '6' '8' '8' '8' '8'
 '8' '8' '8' '9' '9' '9' '9' '9' '9' '9' '11' '11' '11' '11' '11' '11'
 '11' '14' '14' '14' '14' '14' '14' '14' '17' '17' '17' '17' '17' '17'
 '17']
随时间推移的准确率 0.04081632653061224
程序运行时间：520.8240869045258秒
